                      <a name = "short_selling">SHORT SELLING TURNOVER - DAILY REPORT</a>


                         Total Short Selling Turnover         Total Turnover
  CODE  NAME OF STOCK       (SH)           ($)           (SH)                ($)

      1 CKH HOLDINGS       1,308,500   115,080,350       5,698,073       501,637,478
      2 CLP HOLDINGS         885,000    80,194,875       5,165,470       468,833,255
      3 HK &amp; CHINA GAS    11,885,000   181,205,280      29,864,557       455,382,633
      4 WHARF HOLDINGS     1,243,000    25,840,350       3,963,668        82,478,808
      5 HSBC HOLDINGS      6,843,600   464,553,500      24,924,108     1,691,780,980
      6 POWER ASSETS         980,000    53,089,325       5,203,583       281,831,353
      8 PCCW               1,630,000     7,373,120       8,081,185        36,505,554
     10 HANG LUNG GROUP      739,000    14,965,200       1,816,845        36,888,408
     11 HANG SENG BANK       427,900    89,721,740       1,379,429       289,294,174
     12 HENDERSON LAND     1,717,000    66,620,450       5,256,579       204,414,678
     14 HYSAN DEV            239,000     9,472,550       1,151,503        45,640,026
     16 SHK PPT            1,280,000   143,396,000       5,253,549       588,670,906
     17 NEW WORLD DEV      3,002,000    31,578,740      17,957,266       189,680,693
     19 SWIRE PACIFIC A      240,000    19,902,050       2,458,728       203,891,718
     20 WHEELOCK             125,000     5,833,850       1,247,570        57,818,737
     23 BANK OF E ASIA       144,200     4,187,410       1,638,380        47,506,432
     27 GALAXY ENT         9,063,000   435,515,900      29,031,313     1,395,561,343
     31 CHINA AEROSPACE       10,000         6,300         523,200           328,636
     35 FE CONSORT INTL       12,000        48,270         224,772           906,577
     41 GREAT EAGLE H         68,000     2,653,300         341,620        13,344,485
     45 HK&amp;S HOTELS           31,500       344,950         318,500         3,492,110
     53 GUOCO GROUP            2,000       258,900         182,058        23,657,528
     54 HOPEWELL HOLD         90,000     2,288,700         637,141        16,229,965
     64 GET NICE               2,000           492      15,362,000         3,785,990
     66 MTR CORPORATION    1,538,000    62,715,775       3,141,196       128,299,175
     69 SHANGRI-LA ASIA    1,110,000    12,842,520       7,616,140        88,425,640
     78 REGAL INT'L           28,000       119,940         214,000           914,380
     81 CH OVS G OCEANS       15,000        37,200       2,858,000         7,065,105
     83 SINO LAND          2,414,000    31,582,480       7,550,151        99,089,620
     86 SUN HUNG KAI CO        1,000         4,020       1,432,857         5,763,705
     95 LVGEM CHINA           24,000        57,660         392,000           938,660
    101 HANG LUNG PPT      1,274,000    19,225,080       5,816,000        87,810,120
    102 SUMMIT ASCENT          8,000         6,160       1,046,000           802,060
    107 SICHUAN EXPRESS       34,000        83,140         563,601         1,357,958
    116 CHOW SANG SANG         6,000        91,920         229,148         3,506,707
    119 POLY PROPERTY        504,000     1,352,530       5,684,134        15,227,690
    123 YUEXIU PROPERTY    2,208,000     3,047,880      18,227,013        25,152,411
    127 CHINESE EST H        168,000     1,497,185         701,996         6,258,436
    135 KUNLUN ENERGY      8,820,000    78,890,580      44,070,578       394,560,341
    136 HENGTEN NET        4,320,000     1,274,400      67,304,000        19,864,640
    142 FIRST PACIFIC        534,000     2,075,100       8,580,440        33,315,286
    144 CHINA MER PORT       618,000     9,133,040       3,490,091        51,728,548
    148 KINGBOARD HLDG       126,500     3,222,725       1,275,600        32,488,945
    151 WANT WANT CHINA    1,179,000     7,611,360      10,852,000        70,138,545
    152 SHENZHEN INT'L       325,500     5,207,090       2,938,709        47,007,955
    163 EMPEROR INT'L          4,000         8,280          54,241           111,687
    165 CHINA EB LTD         140,000     1,950,280       1,177,237        16,395,265
    168 TSINGTAO BREW        210,000     7,565,400         638,000        22,973,050
    171 SILVER GRANT         354,000       599,180       3,230,000         5,453,860
    173 K. WAH INT'L         679,000     2,491,350       4,771,105        17,499,025
    175 GEELY AUTO         9,983,000   149,542,140      34,230,191       513,782,655
    177 JIANGSU EXPRESS      226,000     2,275,260       2,810,000        28,293,226
    178 SA SA INT'L        1,436,000     5,891,680      10,123,934        41,841,731
    179 JOHNSON ELEC H        37,000       777,975         861,169        18,266,884
    189 DONGYUE GROUP        220,000     1,142,950       2,848,000        14,804,045
    194 LIU CHONG HING        44,000       522,280         170,078         2,015,285
    196 HONGHUA GROUP        328,000       219,990      10,087,000         6,736,320
    200 MELCO INT'L DEV    1,520,000    23,435,200       7,331,161       113,040,479
    207 JOY CITY PPT           8,000         7,520       4,408,000         4,093,220
    215 HUTCHTEL HK          582,000     1,794,360       7,290,627        22,482,271
    220 U-PRESID CHINA       278,000     2,277,740       2,976,086        24,346,281
    230 MINMETALS LAND        30,000        39,600         338,000           446,680
    232 AVIC INT'L         2,710,000       640,484      89,174,855        21,571,539
    235 CHINA STRATEGIC       50,000         3,500       6,290,000           438,415
    241 ALI HEALTH         2,462,000    18,635,720       8,876,763        67,203,799
    242 SHUN TAK HOLD         88,000       238,100       1,869,125         5,037,329
    245 CN MINSHENG FIN       60,000        18,600      10,776,000         3,202,140
    256 CITYCHAMP             56,000        94,280       1,644,000         2,763,270
    257 CHINA EB INT'L     6,040,000    41,275,700      17,631,153       120,489,022
    258 TOMSON GROUP           4,000         9,780         288,000           706,500
    267 CITIC              5,072,000    59,126,840      12,698,027       148,033,736
    268 KINGDEE INT'L      2,412,000    20,456,320      13,437,155       113,890,638
    270 GUANGDONG INV      1,080,000    15,028,720      18,983,469       263,624,576
    272 SHUI ON LAND         685,500     1,217,565      13,553,333        24,021,637
    273 MASON GP HOLD        640,000        89,400      39,120,000         5,486,440
    285 BYD ELECTRONIC       938,000    10,240,270      10,882,758       117,579,819
    286 CS HEALTH             62,000        48,980       4,194,000         3,313,640
    288 WH GROUP          11,060,500    61,253,280      55,631,096       307,437,343
    291 CHINA RES BEER     2,174,000    66,003,900       5,888,585       179,663,801
    293 CATHAY PAC AIR       348,000     3,983,660       2,790,150        31,944,586
    297 SINOFERT              96,000        95,040       2,083,598         2,062,044
    303 VTECH HOLDINGS         8,100       734,100         788,607        71,658,034
    308 CHINA TRAVEL HK      230,000       565,420       3,922,000         9,655,231
    315 SMARTONE TELE        204,500     2,139,490       2,973,249        31,097,317
    316 OOIL                   3,500       174,650          14,500           723,100
    317 COMEC                 56,000       358,140         319,600         2,046,408
    321 TEXWINCA HOLD         38,000       117,680       1,604,334         4,948,855
    322 TINGYI             1,654,000    23,304,040      10,644,964       150,605,353
    323 MAANSHAN IRON      2,986,000    12,277,000      27,152,173       111,442,004
    330 ESPRIT HOLDINGS      175,600       370,159      11,208,312        23,198,783
    332 YUANHENG GAS          32,000        24,440       3,328,000         2,559,920
    336 HUABAO INTL          109,000       467,320       1,487,000         6,380,840
    337 GREENLAND HK         121,000       280,770       1,334,000         3,107,420
    338 SHANGHAI PECHEM      874,000     4,123,720       6,865,522        32,432,866
    341 CAFE DE CORAL H       66,000     1,182,360         644,165        11,543,970
    342 NEWOCEAN ENERGY      166,000       406,220       3,085,361         7,551,784
    345 VITASOY INT'L        568,000    15,535,000       2,512,015        68,545,007
    347 ANGANG STEEL       7,538,000    51,159,080      20,329,694       137,995,570
    354 CHINASOFT INT'L      580,000     2,948,100       6,609,833        33,589,772
    358 JIANGXI COPPER       836,000     7,562,110       3,476,000        31,429,795
    363 SHANGHAI IND H        28,000       486,980       1,437,799        24,917,965
    368 SINOTRANS SHIP     2,345,500     6,054,675      55,940,500       144,690,608
    371 BJ ENT WATER       2,874,000    11,860,640      11,235,000        46,460,990
    383 CHINA MED&amp;HCARE       20,000         5,200      10,150,000         2,639,300
    384 CHINA GAS HOLD     3,700,200    75,108,810      41,425,186       853,305,526
    386 SINOPEC CORP      19,456,000   150,482,180     130,949,558     1,014,024,181
    388 HKEX                 559,700   123,094,700       4,886,938     1,077,244,186
    390 CHINA RAILWAY      2,372,000    18,129,370      21,257,828       162,094,161
    392 BEIJING ENT          864,500    36,447,350       8,061,861       341,447,423
    400 COGOBUY               89,000       257,220         569,000         1,638,720
    405 YUEXIU REIT          547,000     2,781,280       6,999,000        35,575,890
    410 SOHO CHINA           659,500     2,021,310       2,117,500         6,489,115
    412 CHINA SDHS FIN       396,000        96,678       1,962,000           478,266
    419 HUAYI TENCENT        100,000        28,500      15,248,750         4,361,113
    425 MINTH GROUP          666,000    20,718,900       1,870,826        58,314,655
    433 NORTH MINING          20,000           780      32,280,000         1,282,620
    435 SUNLIGHT REIT          9,000        47,160       1,274,545         6,696,373
    439 KUANGCHI             112,000        75,220       1,246,000           828,000
    440 DAH SING               2,400       118,500          92,064         4,572,034
    451 GCL NEWENERGY        224,000        63,840       8,204,000         2,312,320
    460 SIHUAN PHARM         369,000       590,040       6,398,000        10,142,985
    467 UNITEDENERGY GP      116,000       186,200       4,695,362         7,515,371
    468 GAPACK                10,000        51,980         837,000         4,194,360
    480 HKR INT'L              5,600        21,912       3,798,444        15,540,693
    488 LAI SUN DEV              900        10,182           8,676            97,178
    489 DONGFENG GROUP     1,058,000     8,349,240       9,782,210        77,356,463
    493 GOME RETAIL            4,000         3,240      13,902,306        11,187,986
    494 LI &amp; FUNG         12,728,000    22,615,220      69,408,649       122,893,285
    496 KASEN                 80,000       268,060       1,849,000         6,196,260
    506 CHINA FOODS          374,000     1,480,920       3,314,000        13,126,100
    508 DINGYI GP INV        580,000       310,650       4,430,000         2,379,900
    511 TVB                    4,100        91,605         504,488        11,231,398
    512 CHINAGRANDPHARM       92,000       443,960         928,000         4,482,300
    520 XIABUXIABU           908,000    10,491,990       3,269,500        37,800,295
    522 ASM PACIFIC          909,300    76,368,605       3,858,431       322,332,525
    525 GUANGSHEN RAIL       106,000       368,740       1,615,725         5,605,991
    526 LISI GP HOLD          10,000        10,060       1,032,000         1,034,260
    535 GEMDALE PPT          544,000       380,800       2,804,000         1,965,540
    546 FUFENG GROUP          99,000       376,620         471,000         1,795,090
    547 DIGITAL DOMAIN       230,000        24,610       3,730,000           398,660
    548 SHENZHENEXPRESS      212,000     1,628,060       1,286,000         9,984,564
    551 YUE YUEN IND         872,000    18,944,550       2,449,184        53,182,963
    552 CHINACOMSERVICE    4,158,000    30,393,580      26,811,035       195,365,649
    563 SH IND URBAN         156,000       203,540       4,572,897         5,953,579
    570 TRAD CHI MED         824,000     4,281,980      14,434,627        75,251,409
    572 FUTURE WORLD FH       72,000         6,280       6,703,017           584,427
    576 ZHEJIANGEXPRESS      948,000     6,177,020      11,721,991        76,383,635
    579 JNCEC                 34,000        52,800         396,000           615,320
    580 SUN.KING ELEC         48,000        63,300         362,000           473,760
    581 CHINA ORIENTAL       240,000     1,514,640      23,181,384       146,125,399
    586 CONCH VENTURE        687,500    18,122,475       2,133,593        56,229,849
    588 BEIJING N STAR        18,000        41,840          76,000           177,400
    590 LUK FOOK HOLD          8,000       220,050         661,199        18,140,662
    598 SINOTRANS            158,000       498,200       6,629,000        20,884,300
    603 CHINA OIL &amp; GAS      140,000        82,600       7,142,000         4,200,080
    604 SHENZHEN INVEST    2,726,000     6,772,060       7,294,346        18,133,988
    606 CHINA AGRI            53,000       159,570       4,362,300        13,066,093
    607 FULLSHARE          5,217,500    18,794,625      17,060,000        61,488,825
    636 KERRY LOG NET         85,500     1,110,900       1,867,572        24,282,542
    639 SHOUGANG RES         100,000       169,160       1,586,000         2,687,338
    656 FOSUN INTL           519,500     7,177,120       5,437,836        75,287,157
    658 C TRANSMISSION       242,000     2,085,070         388,000         3,341,340
    659 NWS HOLDINGS         421,000     6,440,600       2,421,946        37,122,857
    665 HAITONG INT'L      1,211,000     3,273,420       6,751,300        18,258,000
    669 TECHTRONIC IND       476,000    23,420,925       5,025,952       248,041,256
    670 CHINA EAST AIR     4,028,000    19,081,940      15,246,269        72,236,996
    683 KERRY PPT            533,000    13,680,100       6,564,047       170,396,902
    686 PANDA GREEN           10,000         3,420       1,388,001           470,050
    687 HKICIM GROUP          18,000        33,020         196,000           358,960
    688 CHINA OVERSEAS     5,916,000   141,266,700      18,632,862       444,796,681
    694 BEIJING AIRPORT      698,000     6,441,200       3,336,687        30,777,764
    696 TRAVELSKY TECH       615,000    12,226,980       1,884,000        37,468,920
    697 SHOUGANG INT'L       126,000        23,688       4,094,000           770,800
    698 TONGDA GROUP       1,010,000     1,133,200       3,250,000         3,638,400
    699 CAR INC              419,000     2,585,290       1,151,000         7,109,890
    700 TENCENT            2,243,500   711,807,760      21,722,687     6,909,856,385
    709 GIORDANO INT'L        18,000        71,380       1,544,053         6,119,984
    715 CHINA OCEANWIDE       46,000        17,020       2,128,205           788,900
    716 SINGAMAS CONT        348,000       421,040       5,636,532         6,743,698
    728 CHINA TELECOM     17,148,000    67,512,200      83,677,340       329,295,143
    729 FDG EVEHICLES        340,000        32,300       7,720,000           730,865
    732 TRULY INT'L          134,000       168,640       1,046,000         1,319,860
    735 CP CLEAN ENERGY       25,000        70,010         359,200         1,011,275
    743 ASIA CEMENT CH        47,500       384,960       1,679,000        13,627,125
    751 SKYWORTHDIGITAL    4,018,000     8,673,080      15,652,000        33,865,560
    753 AIR CHINA          2,804,000    19,989,520      11,894,409        84,910,731
    754 HOPSON DEV HOLD       34,000       216,500       1,068,000         6,801,660
    755 SHANGHAI ZENDAI      175,000        24,765       5,340,000           752,960
    762 CHINA UNICOM       3,802,000    34,711,760      33,670,532       306,980,146
    763 ZTE                  300,800     4,291,464       3,440,090        49,062,974
    772 CHINA LIT            313,200    15,009,670         951,844        45,754,154
    775 CKLIFE SCIENCES       46,000        21,850       1,382,000           660,120
    778 FORTUNE REIT         226,000     2,092,560       2,268,674        21,005,759
    787 GLOBAL BRANDS      1,574,000       612,630      37,198,182        14,634,981
    788 CHINA TOWER        9,480,000    10,964,820     250,533,500       287,502,174
    799 IGG                  438,000     4,295,620       3,303,205        32,378,723
    806 VALUE PARTNERS     1,586,000     9,740,280       3,695,501        22,709,033
    808 PROSPERITY REIT        1,000         3,050       1,595,626         4,841,893
    811 XINHUA WINSHARE        1,000         5,300         641,000         3,408,610
    813 SHIMAO PROPERTY    1,506,500    27,775,900      10,191,001       188,423,285
    816 HUADIAN FUXIN        104,000       161,680       3,714,852         5,767,584
    817 CHINA JINMAO       4,346,000    15,317,720      19,752,439        69,493,750
    818 HI SUN TECH           48,000        51,180       1,605,000         1,705,200
    819 TIANNENG POWER       256,000     1,776,400       4,991,184        34,557,222
    823 LINK REIT          1,009,000    75,818,325       5,038,654       378,631,793
    826 TIANGONG INT'L       542,000       946,380       5,986,000        10,420,000
    832 CENTRAL CHINA         10,000        30,570         810,000         2,465,830
    836 CHINA RES POWER      390,000     5,350,160       4,523,606        62,200,966
    839 CHINA EDU GROUP      548,000     5,714,520       4,542,000        47,391,560
    853 MICROPORT            912,000     9,250,340       2,059,693        21,005,432
    855 CHINA WATER          302,000     2,490,520       2,438,000        20,187,541
    856 VSTECS                94,000       382,860       1,298,360         5,280,662
    857 PETROCHINA        45,298,000   289,916,860     181,124,060     1,159,043,420
    860 WE SOLUTIONS         252,000       250,440       3,485,000         3,436,110
    861 DC HOLDINGS           50,000       208,340         550,000         2,287,170
    867 CMS                  237,000     2,511,960       7,718,266        81,935,473
    868 XINYI GLASS        1,280,000    12,550,140       7,507,969        73,812,516
    874 BAIYUNSHAN PH        234,000     6,597,800       1,991,133        55,851,655
    877 O-NET TECH GP         16,000        64,100       1,204,848         4,830,099
    880 SJM HOLDINGS       6,123,000    43,144,150      21,066,227       148,506,426
    881 ZHONGSHENG HLDG    1,028,000    19,563,550       2,260,500        43,096,650
    882 TIANJIN DEV           22,000        61,600          70,000           195,980
    883 CNOOC             39,359,000   616,890,000     135,935,573     2,128,114,234
    884 CIFI HOLD GP       8,038,000    27,866,700      28,804,995       100,197,356
    895 DONGJIANG ENV          2,800        25,382         135,200         1,224,591
    902 HUANENG POWER      3,214,000    16,050,640      17,582,387        87,786,629
    906 COFCO PACKAGING      279,000       811,350         583,000         1,697,050
    914 CONCH CEMENT       4,998,000   227,580,950      12,323,005       562,289,162
    916 CHINA LONGYUAN     3,239,000    21,621,620      11,065,428        73,867,388
    921 HISENSE KELON         63,000       437,160         335,000         2,335,730
    931 CHINA LNG            230,000       265,500       2,195,355         2,528,598
    934 SINOPEC KANTONS      244,000       844,120       1,156,000         4,008,550
    939 CCB              121,044,000   806,623,680     363,985,598     2,427,530,908
    941 CHINA MOBILE       5,325,500   403,913,550      16,101,633     1,220,392,121
    950 LEE'S PHARM           34,500       234,020       1,027,000         6,934,038
    951 CHAOWEI POWER        151,000       537,660         752,000         2,666,290
    952 TONGHAI FIN           20,000        14,800       1,720,000         1,299,700
    956 CHINA SUNTIEN        151,000       313,830       5,526,000        11,538,900
    958 HN RENEWABLES      1,326,000     3,079,720      17,852,000        41,457,279
    960 LONGFOR GROUP      1,041,500    20,867,820       6,631,303       133,474,585
    966 CHINA TAIPING      1,028,600    27,936,890       6,043,262       164,538,023
    968 XINYI SOLAR        2,050,000     4,912,920       5,194,995        12,450,550
    973 L'OCCITANE            14,250       195,785         993,750        13,644,515
    978 CHI MER LAND          28,000        31,560       2,142,000         2,398,240
    981 SMIC               3,235,500    27,347,735      11,951,403       101,015,407
    989 GROUND INTL DEV    1,640,000     1,513,650      14,730,000        13,966,300
    991 DATANG POWER         642,000     1,233,460      11,162,000        21,395,580
    992 LENOVO GROUP       6,502,000    37,852,220      65,025,450       378,487,486
    995 ANHUIEXPRESSWAY        2,000         9,440         300,000         1,424,790
    996 CARNIVAL GROUP       190,000        41,390       2,000,000           434,600
    998 CITIC BANK         3,134,000    15,431,080      21,572,642       106,115,306
    999 I.T                   14,000        56,420         690,000         2,781,820
   1028 C.BANNER              38,000        19,640         154,000            79,730
   1030 FUTURE LAND        6,422,000    31,167,120      18,450,089        89,569,912
   1031 KINGSTON FIN          48,000        95,040       3,178,000         6,295,680
   1033 SINOPEC SSC           26,000        28,080       3,752,000         4,006,670
   1038 CKI HOLDINGS         409,000    25,254,975       2,037,276       126,002,676
   1044 HENGAN INT'L       1,479,500   105,668,075       2,573,159       183,916,869
   1051 G-RESOURCES            6,000           384      26,380,700         1,688,046
   1052 YUEXIUTRANSPORT      130,000       808,300       3,596,598        22,270,985
   1055 CHINA SOUTH AIR    2,840,000    13,603,120      20,842,000        99,815,460
   1060 ALI PICTURES       3,820,000     4,051,100      26,431,522        28,111,905
   1061 ESSEX BIO-TECH        21,000       125,410         516,367         3,091,746
   1065 TIANJIN CAPITAL       10,000        30,320         129,000           390,450
   1066 WEIGAO GROUP         188,000     1,418,320       5,075,672        38,321,904
   1070 TCL ELECTRONICS       23,000        84,950         386,000         1,422,710
   1071 HUADIAN POWER      1,546,000     4,510,520       5,130,000        14,941,780
   1072 DONGFANG ELEC         92,000       411,728         305,800         1,375,913
   1083 TOWNGAS CHINA      1,519,000     9,602,700       5,943,029        37,782,387
   1086 GOODBABY INTL        520,000     1,583,850       1,929,723         5,861,005
   1088 CHINA SHENHUA      2,747,000    48,911,310      14,047,788       250,501,129
</font></pre><pre><font size='1'>   1089 LEYOU TECH H         150,000       356,700       5,811,990        13,396,741
   1093 CSPC PHARMA        3,292,000    53,867,800      24,919,306       408,740,486
   1098 ROAD KING INFRA       34,000       452,000         313,000         4,150,920
   1099 SINOPHARM            431,600    16,024,840       4,607,800       171,310,066
   1109 CHINA RES LAND     5,016,000   133,865,000      16,095,276       429,354,384
   1112 H&amp;H INTL HLDG          5,500       255,600         317,972        14,727,553
   1113 CK ASSET           1,717,500    98,978,475       7,529,991       434,192,380
   1114 BRILLIANCE CHI     9,202,000   106,658,120      21,778,000       252,057,220
   1115 TIBET WATER            7,000        16,520          92,000           216,520
   1117 CH MODERN D           87,000        96,010       1,628,000         1,786,335
   1122 QINGLING MOTORS       50,000       108,500       2,238,000         4,844,540
   1128 WYNN MACAU         5,938,400   102,694,240      22,987,849       397,988,271
   1129 WATER INDUSTRY        44,000        57,640       1,098,000         1,435,580
   1131 AGRITRADE RES        295,000       508,300       3,586,376         6,174,617
   1133 HARBIN ELECTRIC      558,000     1,379,140       1,690,000         4,171,440
   1137 HKTV                  12,000        29,370         530,000         1,296,730
   1138 COSCO SHIP ENGY      354,000     1,342,880       1,407,900         5,342,246
   1140 OP FINANCIAL         156,000       422,760       1,556,439         4,223,630
   1141 CMBC CAPITAL         900,000       339,800       3,936,859         1,490,441
   1157 ZOOMLION             111,200       337,110       4,239,120        12,831,916
   1166 SOLARTECH INT'L      260,000       235,200      44,740,000        40,593,200
   1168 SINOLINK HOLD          6,000         4,080       1,748,500         1,112,660
   1169 HAIER ELEC           417,000     8,763,150       6,036,995       124,406,303
   1171 YANZHOU COAL       1,754,000    16,124,720      10,663,132        98,262,894
   1176 ZHUGUANG HOLD        700,000     1,047,200       2,908,000         4,389,280
   1177 SINO BIOPHARM      7,801,000    56,026,860      44,980,998       325,145,575
   1186 CHINA RAIL CONS    3,184,500    32,829,570      16,515,104       170,747,757
   1193 CHINA RES GAS      3,322,000    97,368,400      29,756,516       870,979,482
   1196 REALORD GROUP        126,000       536,000         800,000         3,402,840
   1199 COSCO SHIP PORT    2,282,000    19,137,220      10,338,660        87,605,183
   1208 MMG                4,140,000    16,474,000       9,693,641        38,736,647
   1211 BYD COMPANY          814,500    44,124,925       5,033,393       272,650,523
   1212 LIFESTYLE INT'L        5,000        76,070       1,766,769        26,829,030
   1223 SYMPHONY HOLD        260,000       274,900       2,390,000         2,530,100
   1224 C C LAND              45,000        87,500         173,000           334,830
   1233 TIMES CHINA          234,000     1,873,880       2,517,000        20,105,995
   1234 CHINA LILANG           6,000        43,400       1,250,000         9,052,065
   1238 POWERLONG            419,000     1,322,070       3,539,000        11,175,220
   1243 WANG ON PPT           16,000        16,160       3,136,000         3,173,280
   1252 CHINA TIANRUI          4,000        26,990       1,011,000         6,847,550
   1257 CEB GREENTECH        255,000     1,717,280       1,000,035         6,734,764
   1282 CHINA GOLDJOY          8,000         3,400       2,388,000         1,032,630
   1288 ABC               28,441,000   106,478,820     105,983,950       397,011,014
   1293 GRAND BAOXIN         836,000     1,855,725       5,811,000        12,913,080
   1297 SINOSOFT TECH        105,000       242,280         360,000           832,440
   1299 AIA                9,652,200   657,926,880      39,446,639     2,691,250,697
   1302 LIFETECH SCI         290,000       566,800       4,030,000         7,867,740
   1308 SITC                 137,000       900,840       2,123,361        14,000,711
   1310 HKBN                 150,500     2,002,390       1,611,134        21,474,409
   1313 CHINARES CEMENT    6,656,000    58,745,480      24,797,501       218,789,295
   1316 NEXTEER              224,000     2,752,280       5,584,909        68,875,071
   1317 MAPLELEAF EDU      1,386,000     5,341,140       9,761,000        37,564,010
   1330 DYNAGREEN ENV         82,000       252,460         422,000         1,303,260
   1333 CHINA ZHONGWANG      705,600     2,723,524       4,036,400        15,571,252
   1336 NCI                  512,700    18,794,245       6,857,422       251,609,344
   1337 RAZER              2,479,000     4,227,990       8,798,000        14,980,973
   1339 PICC GROUP         5,870,000    21,364,090      65,610,670       238,932,476
   1347 HUA HONG SEMI      1,037,000    17,467,460       4,724,323        79,509,629
   1359 CHINA CINDA        2,596,000     4,997,080      30,340,564        58,450,674
   1361 361 DEGREES          210,000       418,400         853,990         1,696,675
   1363 CTEG               2,940,000     2,537,260      12,576,000        10,865,600
   1368 XTEP INT'L           954,000     4,165,645       5,806,000        25,416,673
   1375 CC SECURITIES         19,000        36,860          54,000           104,960
   1378 CHINAHONGQIAO        920,000     4,781,210       3,722,000        19,365,846
   1381 CANVEST ENV          182,000       731,770       2,344,000         9,446,160
   1382 PACIFICTEXTILES      106,000       730,290       2,088,672        14,372,780
   1383 SUNCITY GROUP         80,000       101,000       5,230,000         6,612,100
   1387 RENHE COMM           556,000       136,290      27,324,000         6,817,494
   1398 ICBC              74,683,000   414,628,130     298,649,817     1,656,999,329
   1428 BRIGHT SMART          14,000        22,180       1,010,000         1,599,320
   1448 FU SHOU YUAN         238,000     1,437,230       2,805,000        16,921,980
   1458 ZHOU HEI YA          555,500     2,650,880       1,961,500         9,367,790
   1462 GOLD-FIN HLDG         52,000        92,420       7,740,000        13,687,060
   1478 Q TECH               173,000       858,030       1,946,000         9,655,290
   1508 CHINA RE           1,368,000     2,113,630       7,053,000        10,890,540
   1513 LIVZON PHARMA         36,100       943,135         227,050         5,958,565
   1515 CRPHOENIXHEALTH      287,000     2,018,470       1,638,307        11,511,470
   1528 RS MACALLINE          41,400       300,096       1,088,337         7,910,805
   1530 3SBIO              2,242,500    29,491,550       9,288,351       122,232,280
   1548 GENSCRIPT BIO      2,764,000    41,406,080      22,174,600       326,167,119
   1558 HEC PHARM            227,200     7,244,120       1,281,864        40,971,657
   1569 MINSHENG EDU           4,000         6,300       2,242,000         3,534,960
   1571 XIN POINT HOLD         4,000        11,920         152,000           454,280
   1573 CH UNIENERGY         128,000     1,846,320       1,430,000        20,609,240
   1579 YIHAI INTL           550,000     9,724,160       2,025,835        35,808,253
   1585 YADEA                642,000     1,623,980       3,618,000         9,201,900
   1608 VPOWER GROUP          23,000        67,520         560,000         1,656,080
   1610 COFCO MEAT            10,000        11,300          26,000            29,380
   1618 MCC                  308,000       688,310       8,791,941        19,544,928
   1622 REDCO GROUP          210,000       832,000         922,000         3,653,620
   1628 YUZHOU PPT           827,000     2,582,580      13,857,000        43,214,183
   1636 CMRU                  64,000       283,520         544,000         2,412,080
   1638 KAISA GROUP        2,132,000     5,321,600       5,522,000        13,764,850
   1651 TSUGAMI CHINA          2,000        14,000         132,000           923,830
   1658 PSBC               4,033,000    19,581,650      17,174,480        83,464,905
   1660 ZHAOBANGJI PPT         8,000        97,120         248,000         3,005,440
   1666 TONG REN TANG        140,000     1,595,160         382,000         4,352,360
   1668 CHINASOUTHCITY     1,334,000     1,681,400       4,170,000         5,246,080
   1680 MACAU LEGEND          34,000        46,900         920,000         1,271,070
   1681 CONSUN PHARMA        138,000       832,650       2,086,000        12,602,205
   1686 SUNEVISION            40,000       211,990         429,300         2,260,722
   1717 AUSNUTRIA            282,000     2,331,870       2,182,641        18,030,505
   1727 HEBEI CONS               500         2,085         684,500         2,854,985
   1728 ZHENGTONGAUTO      1,565,000     8,293,130       9,389,000        49,537,749
   1766 CRRC                 347,000     2,427,530      16,523,350       115,828,274
   1776 GF SEC               772,200     7,605,868       3,563,600        35,148,030
   1777 FANTASIA               6,000         5,700       2,850,000         2,674,620
   1778 COLOUR LIFE          467,000     2,093,620       2,193,000         9,823,425
   1788 GUOTAI JUNAN I     1,113,000     1,504,040       4,935,160         6,663,634
   1789 AK MEDICAL            76,000       403,240         802,000         4,255,290
   1800 CHINA COMM CONS      920,000     7,266,460      12,451,187        98,471,693
   1803 BJ SPORTS &amp; ENT      152,500       379,975       1,037,500         2,590,975
   1810 XIAOMI-W           7,739,200   116,919,316      32,841,988       495,187,932
   1812 CHENMING PAPER        61,000       293,200         570,750         2,737,560
   1813 KWG GROUP          1,342,000     9,327,860       8,366,742        58,019,981
   1816 CGN POWER          3,401,000     6,239,960      15,005,500        27,554,660
   1818 ZHAOJIN MINING     1,536,000     9,225,720       2,644,500        15,884,050
   1828 DCH HOLDINGS          12,000        35,650         948,000         2,835,010
   1829 CMEC                  17,000        65,690       1,654,700         6,430,730
   1836 STELLA HOLDINGS       22,000       153,835         934,500         6,533,950
   1862 JINGRUI HLDGS        483,000     1,114,670       3,173,000         7,346,670
   1881 REGAL REIT            71,000       158,330         787,000         1,749,220
   1882 HAITIAN INT'L        405,000     7,137,680       3,652,207        64,029,727
   1883 CITIC TELECOM         64,000       170,570       4,183,034        11,172,866
   1888 KB LAMINATES         700,500     4,941,820       5,586,000        39,388,253
   1898 CHINA COAL           477,000     1,602,730      10,640,779        35,784,697
   1899 XINGDA INT'L          55,000       121,850         980,658         2,194,408
   1908 C&amp;D INTL GROUP         3,000        19,960         298,000         1,994,370
   1910 SAMSONITE          1,305,000    39,102,990       3,648,700       109,002,174
   1913 PRADA                 62,300     2,246,760       1,404,457        50,926,737
   1918 SUNAC              5,806,000   137,775,900      18,404,562       435,938,160
   1919 COSCO SHIP HOLD    2,433,500     7,671,185       5,433,275        17,135,543
   1928 SANDS CHINA LTD    7,341,200   253,144,600      17,570,895       605,432,989
   1929 CHOW TAI FOOK      2,225,800    17,626,336       4,899,259        38,805,231
   1958 BAIC MOTOR         1,361,000     8,221,940       9,035,101        54,556,525
   1963 BCQ                  255,000     1,182,975         789,500         3,669,000
   1966 CHINA SCE GROUP      114,000       334,720       6,090,000        17,971,890
   1970 IMAX CHINA            67,200     1,338,394         167,900         3,346,176
   1972 SWIREPROPERTIES      327,600     9,668,990       1,707,298        50,415,080
   1980 TIANGE               107,000       489,800         693,500         3,182,575
   1986 TSAKER CHEM            5,500        29,800         814,000         4,484,325
   1988 MINSHENG BANK      5,914,500    34,005,020      26,304,132       151,228,740
   1997 WHARF REIC           691,000    34,557,850       2,297,273       114,843,768
   1999 MAN WAH HLDGS        555,600     2,589,480       1,954,488         9,117,733
   2001 NEW HIGHER EDU     1,975,000     9,909,470       5,663,000        28,495,580
   2005 SSY GROUP            224,000     1,644,200       3,135,131        22,872,933
   2006 JINJIANG HOTELS      126,000       273,340       3,812,000         8,255,520
   2007 COUNTRY GARDEN    24,982,000   239,936,670      58,236,503       560,047,474
   2009 BBMG               1,729,000     4,517,500      11,562,278        30,097,482
   2014 OZNER WATER           14,000        24,980         500,000           897,620
   2018 AAC TECH           1,917,000   153,198,050       3,952,380       316,087,671
   2020 ANTA SPORTS          871,000    31,301,250       7,610,506       275,504,230
   2038 FIH                3,285,000     2,868,590       7,046,197         6,159,003
   2039 CIMC                 365,800     2,993,776       1,208,300         9,887,186
   2066 SHENGJINGBANK            500         1,860          51,500           192,260
   2128 CHINA LESSO          166,000       727,250       1,728,498         7,590,733
   2136 LIFESTYLE CHI         64,500       202,105         850,500         2,661,870
   2186 LUYE PHARMA        1,791,000    12,287,315       8,296,206        57,018,897
   2196 FOSUN PHARMA         241,000     7,317,050       1,971,664        59,871,847
   2202 CHINA VANKE        1,853,000    46,024,805       9,691,734       240,776,245
   2208 GOLDWIND             422,400     3,481,482       2,221,400        18,331,534
   2232 CRYSTAL INTL          97,500       503,535       3,011,000        15,640,175
   2233 WESTCHINACEMENT      350,000       504,620       6,384,000         9,234,639
   2236 WISON ENGRG           40,000        42,910         489,000           522,430
   2238 GAC GROUP          6,212,000    50,553,100      29,029,219       236,078,310
   2255 HAICHANG HLDG          8,000        13,360         766,000         1,272,230
   2268 YOUYUAN HLDGS        197,000       529,470       5,241,000        13,943,980
   2269 WUXI BIO           1,774,000   139,702,675       3,116,781       245,604,158
   2280 HC GROUP              62,000       334,465         702,500         3,792,495
   2282 MGM CHINA          3,588,000    43,685,400      11,948,266       145,859,407
   2298 COSMO LADY             1,000         3,550         320,000         1,147,230
   2313 SHENZHOU INTL        815,000    81,431,650       3,262,543       326,516,119
   2314 LEE &amp; MAN PAPER      811,000     5,791,040       4,748,409        33,899,444
   2318 PING AN           15,892,500 1,234,469,075      59,123,033     4,601,920,187
   2319 MENGNIU DAIRY      3,814,000    97,716,200      14,028,412       359,993,554
   2328 PICC P&amp;C           4,624,000    42,185,420      20,063,135       183,630,037
   2329 GUORUI PPT            81,000       164,530       4,050,000         8,206,740
   2331 LI NING              967,000     6,696,830      14,718,479       102,002,543
   2333 GREATWALL MOTOR   14,042,000    65,718,755      43,193,863       202,989,873
   2338 WEICHAI POWER      2,444,000    23,003,570       9,395,073        88,424,388
   2342 COMBA                324,000       396,200       1,429,019         1,752,688
   2343 PACIFIC BASIN        520,000       961,620      13,538,343        25,020,283
   2356 DAHSING BANKING       18,800       298,688         442,185         7,032,375
   2357 AVICHINA             856,000     4,393,170       3,974,000        20,391,005
   2362 JINCHUAN INTL        847,000       844,200       8,158,000         8,178,480
   2380 CHINA POWER          557,000       952,470       5,099,000         8,699,280
   2382 SUNNY OPTICAL      1,052,300    93,151,575       5,108,756       453,061,924
   2386 SINOPEC SEG          459,000     4,127,990       6,947,879        62,391,713
   2388 BOC HONG KONG      1,795,500    65,061,325      12,093,175       438,336,976
   2389 BJ ENT M&amp;H            12,000         4,320          48,000            17,340
   2588 BOC AVIATION         170,500    10,129,375         893,107        53,128,483
   2600 CHALCO             8,592,000    29,664,780      28,660,801        99,064,557
   2601 CPIC                 399,000    11,666,520      11,882,685       349,042,978
   2607 SH PHARMA            341,600     6,569,334       1,501,872        28,930,616
   2611 GTJA                  51,400       836,440         448,400         7,303,884
   2628 CHINA LIFE         7,467,000   129,824,580      33,719,204       587,829,974
   2638 HKELECTRIC-SS        597,500     4,701,735       4,838,933        38,063,929
   2662 CAMSING INTL           8,000        53,060       1,301,999         8,678,093
   2666 UNI MEDICAL          392,000     2,322,755         939,000         5,572,845
   2669 CHINA OVS PPT        550,000     1,220,000       2,305,332         5,111,240
   2678 TEXHONG TEXTILE       29,500       348,100         770,440         9,071,146
   2688 ENN ENERGY           380,500    22,291,560      14,247,354       833,778,439
   2689 ND PAPER           1,628,000    13,680,290      16,924,924       142,857,309
   2698 WEIQIAO TEXTILE       10,000        27,700         402,000         1,096,430
   2727 SH ELECTRIC          578,000     1,607,300       3,072,000         8,532,470
   2768 JIAYUAN INTL       1,950,000    26,093,560       3,102,000        41,541,000
   2777 R&amp;F PROPERTIES       894,400    12,542,568       3,638,977        51,058,875
   2778 CHAMPION REIT        577,000     3,152,500       3,361,819        18,356,180
   2779 CH XINHUA EDU         73,000       170,520       1,195,000         2,822,590
   2799 CHINA HUARONG      5,793,000     8,261,330      31,254,709        44,514,409
   2800 TRACKER FUND      33,076,000   930,264,975      40,245,736     1,131,803,340
   2822 CSOP A50 ETF       6,302,800    83,160,436      11,687,420       154,164,141
   2823 ISHARES A50        5,475,800    70,747,242      19,038,646       245,733,834
   2828 HSCEI ETF          1,627,200   178,125,620       3,351,056       366,849,268
   2858 YIXIN                192,000       478,335       1,601,000         3,992,080
   2866 COSCO SHIP DEV     2,256,000     2,358,190       5,706,000         5,961,431
   2868 BJ CAPITAL LAND       12,000        33,640       3,184,340         8,890,792
   2869 GREENTOWN SER      1,686,000    10,359,640       6,220,000        38,219,936
   2877 SHINEWAY PHARM        42,000       429,560       2,578,567        26,363,554
   2883 CHINA OILFIELD     1,774,000    15,225,040       9,460,168        81,393,216
   2888 STANCHART            389,550    24,367,612       1,991,564       124,437,368
   2899 ZIJIN MINING       1,174,000     3,496,800      14,028,250        41,799,155
   3169 VANGUARDCHINA          6,000        51,360          74,500           637,756
   3188 CAM CSI300         1,461,200    57,676,400       3,770,684       148,747,187
   3301 RONSHINECHINA        444,000     4,071,330       2,212,500        20,313,350
   3306 JNBY                 118,500     1,603,610         720,000         9,743,600
   3308 GOLDEN EAGLE           3,000        25,250         217,000         1,833,645
   3309 C-MER EYE            376,000     1,592,300       1,052,000         4,468,620
   3311 CHINA STATE CON    1,270,000    10,429,860       3,619,140        29,751,364
   3319 A-LIVING             187,250     2,216,750       2,319,509        27,470,773
   3320 CHINARES PHARMA      371,500     4,522,820       3,087,510        37,721,591
   3323 CNBM               5,166,000    35,163,360      30,099,598       204,900,586
   3328 BANKCOMM           4,765,000    27,313,120      20,342,908       116,601,566
   3333 EVERGRANDE        13,892,000   301,579,000      28,629,386       622,041,891
   3337 ANTON OILFIELD       374,000       491,460      47,671,000        62,249,360
   3339 LONKING              450,000     1,174,170      19,620,101        50,792,960
   3358 BESTWAY GLOBAL           500         1,745          56,500           196,790
   3360 FE HORIZON           383,000     2,848,450       2,355,082        17,533,546
   3377 SINO-OCEAN GP      1,010,500     3,433,195       8,533,212        28,986,835
   3378 XIAMEN PORT            6,000         6,720         818,000           921,540
   3380 LOGAN PPT          1,280,000    10,945,580       7,516,000        64,460,168
   3383 AGILE GROUP        2,368,000    25,647,720       8,615,471        93,411,778
   3396 LEGENDHOLDING         66,400     1,605,960         847,500        20,528,950
   3606 FUYAO GLASS           62,800     1,749,080       1,475,200        41,091,267
   3618 CQRC BANK          3,083,000    12,785,850      10,823,363        44,969,646
   3633 ZHONGYU GAS          346,000     2,266,780       2,098,000        13,837,380
   3669 YONGDA AUTO          667,500     4,978,385       5,850,000        43,804,903
   3690 MEITUAN-W          1,591,000   106,701,485       6,611,904       443,955,890
   3799 DALI FOODS         1,127,500     6,573,850       5,749,673        33,495,475
   3800 GCL-POLY ENERGY    6,494,000     3,531,090      38,449,620        20,818,031
   3808 SINOTRUK           3,474,500    55,001,750      18,473,509       292,213,459
   3813 POU SHENG INT'L       32,000        49,700       3,341,000         5,182,160
   3818 CHINA DONGXIANG      143,000       186,200       1,791,000         2,329,800
   3836 HARMONY AUTO         181,500       611,895       2,585,500         8,741,700
   3883 CHINA AOYUAN       1,142,000     5,888,080       6,343,486        32,692,009
   3888 KINGSOFT           2,081,000    31,196,960       9,896,340       148,404,202
   3898 CRRC TIMES ELEC       23,100     1,021,440       2,767,918       120,296,454
   3899 CIMC ENRIC           162,000     1,303,640       1,696,000        13,653,900
   3900 GREENTOWN CHINA      356,000     2,537,090       2,750,256        19,532,531
   3908 CICC               1,362,800    19,432,184       3,104,400        44,270,456
   3918 NAGACORP           1,938,000    15,496,140       6,026,000        48,244,020
   3933 UNITED LAB           116,000       786,520         714,302         4,856,509
   3948 YITAI COAL             1,400        10,066          97,200           697,696
   3958 DFZQ                 202,800     1,003,128         576,000         2,850,212
   3968 CM BANK            3,778,000   116,421,400      25,115,428       774,500,479
   3969 CHINA CRSC           276,000     1,559,610       1,722,000         9,720,780
   3983 CHINA BLUECHEM       188,000       605,200      11,037,362        35,525,157
   3988 BANK OF CHINA     71,401,000   243,354,220     286,950,375       977,911,027
   3993 CMOC                 732,000     2,336,100      12,953,404        41,542,744
   3996 CH ENERGY ENG          2,000         1,880         364,000           339,780
   3998 BOSIDENG             420,000       469,880      19,844,000        22,486,710
   6030 CITIC SEC          1,043,500    14,155,510       6,776,500        91,854,765
   6060 ZA ONLINE            129,000     3,952,320       1,377,280        42,226,399
   6066 CSC                    3,500        15,855          12,500            56,650
   6068 WISDOM EDU INTL       86,000       358,240       1,884,273         7,830,839
   6088 FIT HON TENG         116,000       448,540       1,971,000         7,631,240
   6098 CG SERVICES        2,309,000    29,172,900       9,781,643       123,342,424
   6099 CMSC                   2,800        26,798          32,400           305,893
   6116 LA CHAPELLE            3,000        20,970          12,800            89,986
   6138 HARBIN BANK           41,000        74,440         472,000           855,800
   6139 JINMAO HOTEL-SS          500         2,315          21,675           100,321
   6158 ZHENRO PPT            41,000       173,730       4,196,000        17,810,360
   6169 YUHUA EDU            422,000     1,553,620       5,432,000        19,897,230
   6178 EB SECURITIES          5,400        37,044          38,600           266,080
   6198 QINGDAO PORT          34,000       187,540         284,000         1,564,410
   6808 SUNART RETAIL      2,501,500    25,762,230       8,902,264        91,867,658
   6818 CEB BANK             743,000     2,562,560       4,277,537        14,841,800
   6823 HKT-SS                86,000       912,080       7,734,745        82,293,438
   6828 BG BLUE SKY          400,000       220,000      62,336,000        34,242,480
   6837 HAITONG SEC        2,613,600    18,230,348      11,806,800        82,383,882
   6858 HONMAGOLF             55,000       391,935       1,161,000         8,275,045
   6869 YOFC                 815,000    19,189,550       2,478,000        58,382,650
   6881 CGS                2,365,500     8,453,310       8,048,000        28,778,825
   6886 HTSC               1,127,800    12,518,748       3,484,514        38,662,035
   6889 DYNAM JAPAN           20,000       193,634         155,400         1,504,188
   7200 FL2 CSOP HSI       2,878,600    28,052,800       5,428,400        52,703,020
   7228 FL2SAMSUNGHSCEI      150,000     1,046,548         435,200         3,023,122
   7242 FL2EFUND YT HSI        1,000         6,065           3,500            21,734
   7288 FL2 CSOP HSCEI     1,054,300     8,738,733       3,177,000        26,310,456
   7300 FI CSOP HSI        1,697,000     9,662,330      37,845,300       215,430,783
   7331 FICAMDXNNDQ100         3,500        32,900         127,500         1,191,911
</font></pre><pre><font size='1'>   7336 FI MR HSI              6,600        38,940         143,200           855,029
   7388 FI CSOP HSCEI        293,900     1,768,889       2,560,800        15,399,006
 % 9169 VANGUARDCHINA-U        1,200         1,308           1,200             1,308
 % 9170 ISHARESKS200-U         1,500         2,025           3,040             4,081
 % 9846 ISHARESCSI300-U        3,000         9,840           3,000             9,840
 %82822 CSOP A50 ETF-R        86,800     1,008,064         121,647         1,410,745
 %82823 ISHARES A50-R            800         9,040          30,800           347,440
 %82828 HSCEI ETF-R            2,000       192,000           3,000           289,900
 %82846 ISHARESCSI300-R        3,000        67,800           3,000            67,800
 %83053 CSOP HKD MM-R          1,000       881,300           1,000           881,300
 %83188 CAM CSI300-R          89,200     3,102,720          95,600         3,325,120

   Total Shares (SH):  1,169,661,550                 6,244,718,544
   Total Value ($)  :
     CNY Stocks -               CNY      5,260,924                CNY      6,322,305
     HKD Stocks -               HKD 15,887,025,115                HKD 69,813,939,232
     USD Stocks -               USD         13,173                USD         15,229

Total No. of Securities recording Short Selling                  :                  583
Total No. of Designated Securities recording Short Selling       :                  583
                  Short Selling Turnover Total Shares (SH)       :        1,169,661,550
                  Short Selling Turnover Total Value ($)         :  CNY       5,260,924
                  Short Selling Turnover Total Value ($)         :  HKD  15,887,025,115
                  Short Selling Turnover Total Value ($)         :  USD          13,173

*Total No. of non-Designated Securities recording Short Selling  :                    0
                  Short Selling Turnover Total Shares (SH)       :                    0
                  Short Selling Turnover Total Value ($)         :  HKD               0

Total No. of Designated Securities                               :                  933

*Short selling of non-Designated Securities is allowable only by respective
liquidity providers and hedging participants for their respective liquidity
provision and hedging purpose.
% Stocks Traded in Non HKD Currency

-------------------------------------------------------------------------------
